posAsPos : 1341
posAsNeg : 723
negAsPos : 663
negAsNeg : 1401
Accuracy : 0.6642441860465116
PrecisionP : 0.6691616766467066
RecallP : 0.6497093023255814
FScoreP : 0.65929203539823
PrecisionN : 0.6596045197740112
RecallN : 0.6787790697674418
FScoreN : 0.669054441260745
